0
337238
159345
154827
143372
94488
88265
84534
78215
69514
67394
67226
65188
63840
60845
60529
56409
54536
53958
47308
46183
45404
42464
42094
42174
41036
39039
38281
37920
37113
36373
36085
35807
35556
35170
34854
34996
34517
34328
34571
33886
33967
33459
33594
33736
33606
33171
32915
32323
32533
31878
31675
31588
30910
30312
29934
29721
29323
28619
28107
27535
27304
27176
26921
26650
26334
26291
26122
26104
26091
25908
26032
25806
25800
25272
25070
24455
24336
24225
24242
23931
24124
24153
24169
23834
23818
23806
23675
23717
23231
23836
23330
22787
23016
22602
22697
22774
22377
22546
22441
22300
21986
21773
21860
21616
21847
21456
21854
21760
21342
21346
21131
21104
21021
20846
20869
20880
20827
20379
20636
20507
20004
20386
20204
20336
20208
19763
20109
19799
19718
19832
19441
19423
19341
19324
19284
19149
19062
19050
18825
18704
18716
18625
18460
18424
18687
18473
18358
18259
18335
18083
18136
18250
18012
17874
17795
17575
17629
17829
17774
17670
17219
17785
17397
17392
17408
17307
17287
17258
17090
17294
16967
16982
16940
16757
16925
16986
17072
16956
16916
16800
16742
16476
16659
16824
16640
16590
16589
16554
16377
16767
16665
16734
16300
16558
16606
16258
16452
16449
16236
16483
16301
16221
16397
16296
16088
15927
16259
15828
16093
15900
15995
15869
15881
15881
15749
15924
15846
15936
15671
15658
15905
15735
15711
15609
15470
15488
15529
15416
15373
15314
15323
15342
15243
15468
15202
15284
15327
15181
15336
15116
15064
15356
15006
15321
15134
15332
15173
14796
14839
15317
15087
14992
14943
14934
14923
14711
14640
14746
14738
14713
14702
14878
14781
14673
14883
14711
14817
14732
14984
14691
14883
14764
14498
14601
14868
14560
14507
14807
14493
14433
14395
14489
14317
14702
14440
14416
14565
14426
14425
14570
14266
14505
14336
14072
14067
14176
14037
13914
14082
14056
13852
14011
14049
13874
14045
13921
13930
13948
13803
13794
14069
14094
13908
13802
13709
13695
13843
13534
13798
13564
13783
13420
13828
13558
13343
13524
13711
13514
13497
13360
13397
13567
13257
13398
13485
13262
13487
13490
13366
13336
13321
13512
13449
13442
13183
13312
13217
13133
13190
13122
13079
13116
13214
13185
13118
13185
13196
13200
13171
12817
12742
13137
12867
13116
12883
12926
13026
12966
12877
12870
12938
12697
12937
12825
12996
12850
12849
12849
13043
12853
12799
12882
12549
12709
12854
12548
12745
12651
12759
12638
12629
12561
12605
12643
12711
12480
12689
12541
12515
12540
12536
12714
12494
12620
12528
12497
12511
12403
12288
12206
12496
12466
12433
12397
12112
12444
12099
12194
12360
12084
12001
12200
12230
12271
12294
12071
12370
12244
12072
12121
12199
12293
12141
12217
12067
12056
12252
12168
12171
12004
12116
12161
12050
11938
12184
12001
12103
11945
12041
11956
12151
11948
12152
12084
11950
11843
11810
11611
11840
11807
12008
11955
11853
11767
11746
11845
12003
11653
11687
11763
11610
11878
11777
11752
11528
11670
11535
11511
11745
11399
11590
11557
11452
11735
11445
11503
11734
11523
11773
11760
11398
11737
11643
11533
11462
11621
11394
11391
11547
11339
11528
11474
11328
11363
11295
11506
11432
11166
11306
11572
11428
11240
11414
11427
11261
11207
11315
11042
11341
11166
11222
11208
11279
11316
11201
11200
11130
11405
11373
11211
11238
11163
11140
11028
11256
10916
11172
11146
11311
11113
11132
11091
11222
10934
10891
10972
10960
11018
11135
10934
11092
10901
11006
11323
11195
10928
10911
10979
10842
11063
10667
10840
10984
10907
10891
10880
10786
11229
10750
10865
10870
11030
10944
10898
10938
11007
10867
10875
10945
11087
10669
10963
10679
10746
10822
10848
10775
10790
10834
10871
10882
10869
10934
10615
10549
10862
10874
10586
10616
10894
10772
10815
10740
10584
10699
10772
10428
10760
10812
10661
10604
10525
10453
10713
10685
10438
10636
10476
10601
10672
10531
10669
10514
10695
10445
10390
10372
10707
10396
10523
10427
10399
10410
10443
10275
10532
10448
10278
10627
10299
10455
10427
10472
10551
10363
10486
10466
10465
10327
10300
10248
10572
10263
10392
10382
10321
10362
10345
10474
10352
10251
10338
10152
10072
10285
10068
10132
10235
10244
9885
10145
9947
10411
10206
10256
10080
10100
10075
10273
10184
10136
10112
10154
9967
9988
10036
9987
10157
10210
10036
10006
10069
10030
9963
9964
9959
9977
9792
9775
9935
9981
9952
9808
9905
9846
10009
10058
10048
9870
10068
9939
9882
9830
9875
9995
9873
9831
9879
10029
9929
9893
9923
9922
9716
9971
9809
9684
9889
9963
9715
9746
9798
10022
9863
9738
9808
9862
9777
9873
9962
9918
9709
9762
9612
9850
9932
9798
9616
9622
9896
9887
9693
9801
9684
9844
9761
9565
9787
9621
9655
9621
9797
9788
9699
9457
9736
9697
9664
9716
9649
9662
9833
9470
9570
9651
9527
9644
9569
9369
9691
9586
9785
9723
9534
9906
9536
9683
9583
9621
9600
9476
9574
9394
9694
9683
9360
9661
9487
9473
9520
9399
9341
9447
9325
9407
9419
9368
9424
9441
9510
9394
9252
9232
9420
9163
9215
9500
9127
9329
9274
9254
9366
9077
9298
9356
9096
9293
9392
9053
9231
9166
9206
9330
9153
9420
9368
9178
9251
9132
9194
9186
9321
9316
9214
9248
9187
9093
9056
9104
9250
9179
9152
9311
9216
9093
9078
8988
9130
9280
9256
9060
8894
9044
9010
9164
9164
9147
9242
9328
9084
9027
9008
8922
9021
9127
8955
9041
9185
9155
9013
8930
9153
9093
9091
9080
9053
9235
9162
9058
9194
9044
9014
9160
9056
9162
9276
9184
8953
8923
9143
9175
9044
9013
8964
9039
9115
9193
9097
9033
9109
9216
9109
9094
8984
9084
9034
9093
8888
8980
8883
9003
9119
8965
8897
9243
9062
9186
9134
9104
9027
9114
9054
9150
9215
9229
9056
8965
9086
9195
9077
9017
9209
9208
9023
9116
9017
8965
8950
8991
9063
9162
9180
9033
9089
9180
9076
9099
9042
9009
9027
9173
9159
8958
8965
9030
9169
9142
9050
9102
9044
9105
8955
9047
9249
9054
9000
9259
9101
8943
9116
9175
9010
9078
8920
9104
9053
9117
9087
9194
9130
9065
9058
9222
9024
9085
9004
9019
9168
8837
8953
9095
9073
8947
9027
9122
8773
8882
8908
9109
8936
8930
8938
8806
9156
8987
8881
8895
8976
8924
8959
8848
8903
8766
8861
8863
8999
8825
8940
9133
8842
8945
9044
8750
8949
9019
8978
8918
8932
8847
8808
8880
8739
8949
8879
8689
8718
8891
8855
8779
8727
8795
8702
8937
8785
8690
8933
8802
8810
8868
8900
8898
8817
8911
8624
8901
8789
8656
8683
8745
8740
8858
8653
8720
8666
8648
8660
8739
8760
8657
8707
8821
9064
8645
8870
8778
8736
8518
8648
8767
8601
8667
8672
8687
8673
8744
8780
8723
8710
8664
8659
8678
8450
8550
8575
8619
8591
8735
8763
8610
8590
8587
8593
8855
8498
8591
8654
8512
8565
8512
8663
8608
8394
8817
8602
8728
8816
8576
8634
8483
8423
8502
8448
8498
8505
8521
8609
8559
8568
8621
8648
8440
8556
8535
8543
8505
8501
8452
8149
8585
8325
8552
8627
8447
8369
8513
8390
8372
8504
8692
8434
8598
8400
8329
8506
8386
8197
8229
8329
8278
8278
8512
8255
8518
8339
8341
8535
8515
8377
8250
8310
8275
8418
8263
8360
8442
8222
8390
8224
8403
8276
8340
8296
8348
8287
8266
8291
8294
8424
8209
8196
8096
8217
8291
8241
8231
8332
8240
8192
8155
8358
8264
8324
8070
8174
8109
8199
8043
8010
8262
8157
7986
8195
8100
8097
8329
8000
8030
8196
8188
8203
8169
8014
8119
8259
8157
8023
8063
7944
8024
8122
7975
8019
7885
8036
7880
8166
7908
7858
7984
7923
8021
7948
8076
7900
7984
7805
7753
7998
8035
7769
7942
7832
8065
7811
7967
7946
7950
7766
7747
7788
7763
7893
7700
7806
7808
7747
7899
7787
7705
7765
7863
7883
7894
7794
7860
7725
7685
7735
7561
7913
7693
7709
7702
7906
7676
7538
7688
7807
7783
7690
7505
7539
7708
7689
7679
7563
7490
7605
7502
7610
7688
7691
7617
7485
7686
7454
7601
7567
7532
7733
7632
7599
7578
7445
7546
7459
7596
7526
7433
7525
7374
7559
7653
7660
7435
7493
7346
7462
7346
7471
7474
7575
7331
7563
7558
7500
7447
7469
7380
7331
7273
7504
7388
7312
7596
7275
7385
7359
7362
7399
7484
7380
7288
7449
7371
7423
7374
7304
7352
7347
7381
7356
7473
7432
7416
7231
7288
7240
7434
7376
7323
7348
7250
7366
7135
7149
7401
7405
7090
7149
7306
7253
7355
7298
7158
7250
7199
7272
7189
7277
7348
7142
7092
7152
7253
7313
7209
7143
7172
7051
7174
7219
7271
7177
7266
7146
7150
7189
7274
7136
7198
7034
7040
7031
7112
7124
7009
7126
7123
7106
7160
7083
7059
7265
7200
7023
6994
7010
6955
7107
7020
7080
7022
7087
7119
6994
7024
7024
7137
6983
6975
7095
6945
6984
7027
7128
7080
6976
6921
6900
7177
6942
7059
7040
7156
6864
6958
7089
6997
6924
6987
6910
7001
6877
7018
6865
6997
6750
7043
6896
6873
7040
6946
6959
6861
6905
6931
6779
6965
6957
6937
6885
6993
6985
7038
6908
6760
6788
6978
6908
6684
6689
6974
6911
6761
6912
6927
6864
6911
6818
6642
7045
6797
6847
6877
6842
6921
6683
6724
6773
6776
6762
7028
6915
6805
6829
6844
6847
6609
6768
6715
6769
6760
6914
6903
6846
6909
6813
6709
6825
6832
6719
6787
6759
6691
6873
6730
6738
6819
6748
6627
6796
6800
6861
6652
6691
6718
6710
6705
6692
6722
6645
6597
6702
6605
6613
6766
6821
6660
6676
6886
6840
6730
6761
6593
6568
6748
6706
6720
6726
6600
6773
6501
6591
6715
6686
6657
6714
6680
6600
6726
6494
6463
6664
6475
6675
6392
6665
6636
6629
6538
6579
6511
6646
6633
6573
6541
6616
6620
6718
6548
6559
6655
6556
6678
6559
6529
6586
6672
6526
6603
6655
6666
6514
6522
6628
6491
6542
6537
6518
6564
6651
6608
6411
6484
6548
6523
6539
6542
6514
6617
6511
6551
6591
6473
6528
6583
6599
6437
6526
6647
6376
6408
6598
6373
6583
6591
6531
6579
6273
6480
6557
6412
6569
6492
6439
6480
6676
6501
6428
6473
6472
6481
6474
6537
6497
6480
6371
6468
6468
6431
6623
6383
6367
6490
6218
6304
6247
6401
6425
6337
6373
6453
6485
6390
6412
6345
6489
6262
6328
6277
6378
6266
6398
6248
6436
6198
6280
6266
6362
6349
6258
6212
6405
6347
6273
6405
6254
6296
6372
6329
6269
6299
6195
6301
6212
6295
6270
6312
6455
6381
6260
6208
6193
6264
6242
6239
6263
6363
6428
6163
6207
6277
6312
6269
6301
6424
6295
6253
6214
6072
6189
6132
6300
6381
6199
6176
6224
6162
6317
6151
6166
6133
6351
6293
6232
6186
6063
6227
6225
6140
6073
6176
6175
6134
6224
6199
6198
5998
6176
6073
6079
6105
6006
6070
6068
6164
5960
6109
6030
6110
6069
6095
6053
6035
6044
6084
5864
6000
6029
6107
5964
5983
6070
6011
6124
6031
5877
5955
6017
5846
6033
5878
5931
5812
5988
5952
5903
5829
5892
5953
5928
5778
5868
5763
5892
5858
5688
5917
5941
5742
5770
5706
5816
5827
5680
5935
5669
5641
5727
5568
5760
5696
5702
5640
5615
5515
5519
5617
5643
5583
5534
5364
5606
5707
5474
5603
5450
5553
5429
5516
5519
5595
5359
5437
5413
5425
5395
5424
5520
5350
5471
5409
5454
5408
5372
5475
5425
5430
5202
5448
5325
5377
5368
5347
5338
5504
5331
5229
5393
5417
5420
5286
5170
5410
5298
5371
5222
5345
5267
5307
5277
5198
5293
5256
5093
5377
5157
5247
5336
5204
5200
5180
5327
5164
5272
5173
5259
5115
5256
5102
5149
5139
5194
5144
5158
5249
5206
5163
5273
5254
5118
5113
5159
5207
5168
5200
5096
5086
5162
5001
5208
4981
5060
5200
5026
5182
5066
5063
5100
5058
5145
4935
5132
5194
4978
5101
4960
5112
5038
5094
4955
5040
5005
5061
4970
4933
4973
4958
4964
5111
4877
5061
4875
4890
5047
4995
4972
5032
4932
4738
4770
4988
4946
4901
4929
5030
5122
4901
4833
5004
4867
4858
4916
4959
4983
4964
4862
5069
4983
4923
4813
4891
4862
4860
4923
4980
4982
4938
4942
4997
4830
4856
5004
4892
4798
4847
4933
4823
4831
4826
4969
4949
4879
4881
4847
4713
4865
4975
4789
4912
4796
4814
4875
4752
4867
4759
4902
4691
4750
4874
4801
4729
4835
4877
4798
4784
4759
4755
4946
4841
4695
4875
4790
4839
4877
4931
4824
4851
4817
4704
4789
4771
4911
4811
4704
4813
4812
4828
4780
4838
4781
4790
4702
4802
4851
4732
4674
4698
4825
4836
4605
4744
4680
4736
4664
4732
4785
4760
4659
4656
4690
4747
4588
4652
4790
4644
4762
4761
4747
4759
4727
4798
4757
4688
4684
4802
4754
4884
4816
4674
4707
4668
4579
4714
4679
4705
4579
4653
4637
4593
4632
4667
4738
4646
4545
4688
4660
4735
4696
4638
4693
4632
4632
4624
4557
4581
4717
4744
4578
4635
4655
4682
4678
4529
4621
4699
4568
4543
4605
4581
4696
4596
4578
4558
4512
4537
4699
4551
4536
4483
4489
4581
4680
4687
4571
4629
4580
4583
4526
4457
4684
4572
4544
4495
4403
4591
4486
4528
4533
4575
4450
4615
4451
4454
4594
4443
4561
4519
4533
4362
4481
4606
4423
4496
4423
4472
4480
4485
4390
4430
4504
4399
4423
4524
4537
4504
4464
4473
4512
4412
4329
4533
4471
4410
4490
4386
4416
4368
4345
4513
4401
4422
4482
4360
4460
4403
4418
4369
4480
4231
4281
4429
4417
4337
4392
4368
4379
4453
4443
4338
4326
4416
4198
4323
4213
4407
4411
4307
4367
4442
4387
4333
4351
4272
4284
4377
4314
4289
4239
4258
4251
4318
4504
4295
4293
4207
4262
4228
4331
4339
4186
4162
4227
4221
4309
4298
4162
4180
4268
4329
4155
4098
4322
4224
4269
4243
4340
4300
4276
4248
4208
4242
4272
4285
4200
4307
4223
4260
4158
4217
4237
4122
4170
4290
4141
4218
4146
4287
4207
4075
4120
4241
4176
4143
4079
4174
4132
4185
4197
4049
4056
4128
4140
4100
4125
4040
4105
4048
4085
4045
4183
4089
4016
4022
4037
4111
4167
3996
4022
3968
4042
4002
3961
3846
3977
3982
3874
3872
3992
3921
3842
3798
3967
3930
4012
3894
3867
3772
3951
3836
3878
3727
3595
3745
3626
3649
3760
3655
3701
3510
3523
3665
3488
3532
3484
3417
3442
3476
3429
3530
3401
3456
3374
3326
3278
3363
3329
3480
3165
3316
3278
3256
3275
3305
3105
3197
3228
3173
3099
3159
3162
3171
3148
3118
3208
3128
3111
3142
3215
3104
3122
3068
3159
3093
3064
3103
3087
3052
3023
3113
2980
3097
3107
2925
2986
2875
2916
3038
3074
2942
2931
2891
2984
2914
2913
2923
2949
2944
2846
2933
2954
2959
2954
2892
2901
2927
2868
2835
2948
2811
2769
2941
2794
2877
2894
2823
2825
2829
2979
2839
2785
2849
2798
2773
2860
2955
2781
2809
2816
2945
2828
2858
2731
2889
2884
2807
2752
2764
2680
2774
2756
2856
2774
2826
2864
2842
2692
2698
2820
2742
2738
2663
2834
2753
2813
2725
2708
2758
2722
2779
2708
2785
2661
2654
2742
2720
2753
2667
2775
2729
2802
2770
2798
2783
2664
2669
2624
2692
2711
2667
2577
2817
2722
2697
2718
2699
2764
2663
2731
2574
2705
2747
2670
2670
2645
2709
2724
2747
2684
2563
2659
2561
2514
2625
2637
2507
2679
2583
2645
2621
2642
2714
2507
2626
2603
2611
2661
2653
2571
2716
2590
2540
2610
2602
2535
2531
2499
2495
2565
2548
2639
2586
2542
2572
2618
2586
2561
2588
2564
2620
2602
2575
2615
2549
2532
2469
2519
2535
2624
2493
2422
2511
2527
2497
2423
2596
2524
2525
2493
2560
2558
2464
2467
2536
2478
2528
2392
2515
2386
2461
2431
2393
2348
2530
2436
2381
2491
2461
2433
2422
2542
2478
2352
2469
2373
2463
2572
2437
2340
2441
2458
2409
2316
2417
2439
2421
2343
2416
2318
2409
2305
2340
2356
2409
2372
2441
2426
2396
2377
2394
2321
2376
2279
2355
2368
2349
2262
2384
2317
2318
2374
2326
2383
2332
2280
2279
2283
2335
2242
2283
2309
2214
2301
2212
2207
2300
2224
2311
2267
2190
2227
2166
2194
2169
2118
2178
2084
2163
2189
2171
2095
2116
2159
2212
2110
2095
2047
2083
2062
1963
2102
2094
1948
1924
1902
1861
1914
