</s> 27080
1358 15359
1701 7231
306 6997
1986 6487
1810 4269
2034 3954
1623 3828
88 3534
1013 3135
598 3051
1914 3024
2045 2926
109 2869
1072 2727
733 2721
1542 2536
1224 2429
1441 2424
1042 2131
1169 2089
415 2036
1131 1902
118 1898
1483 1892
95 1833
2182 1737
1692 1728
963 1705
1103 1660
661 1641
1257 1623
973 1619
436 1612
1416 1589
2394 1575
1413 1555
310 1554
1703 1548
429 1537
2001 1530
1765 1518
1309 1512
1973 1508
2155 1508
1628 1504
2248 1498
507 1472
2671 1445
1624 1441
1229 1433
687 1424
1742 1421
1725 1382
1950 1364
2367 1349
525 1331
1894 1320
1927 1281
1015 1259
565 1230
350 1224
1740 1219
577 1197
1050 1193
1966 1187
55 1181
2464 1174
2130 1165
2025 1164
1655 1151
1119 1150
1505 1150
239 1139
454 1138
645 1125
487 1104
2359 1104
94 1083
519 1083
279 1079
1171 1075
154 1075
2160 1072
2238 1069
657 1067
2450 1066
441 1060
1952 1049
734 1046
1912 1042
73 1041
218 1029
505 1026
1776 1018
1317 1017
833 1017
702 1004
756 1003
364 990
2451 989
1583 988
748 979
59 976
1869 975
180 975
1351 973
210 972
1154 964
65 957
736 953
89 947
2083 943
236 940
1602 938
2383 937
735 931
1954 928
1842 923
316 920
1902 913
2122 907
231 904
1269 903
2199 902
1022 901
1702 900
1682 898
1367 879
2291 875
1889 874
456 873
1955 869
490 867
1739 865
1296 857
48 855
553 851
2080 848
711 841
1527 837
133 835
1464 832
1558 831
1616 829
281 827
2335 826
74 819
2117 815
482 812
1370 808
2071 808
2570 805
444 800
836 799
745 798
2054 796
868 795
867 795
1360 792
1681 787
609 782
374 782
1538 781
139 780
2146 778
1158 773
779 773
2168 770
695 770
1135 762
442 759
2446 757
472 757
897 755
1336 752
2075 751
33 751
1824 751
492 751
1428 747
1300 745
544 743
603 741
1798 741
2241 741
2247 737
39 737
2216 737
1743 736
368 735
2309 734
957 733
2147 732
1721 732
2181 732
102 731
1343 730
737 730
580 729
1185 729
1256 728
36 724
426 723
1417 723
2681 721
1443 720
1903 717
1772 715
1782 715
2056 712
1065 711
1610 710
1282 708
1519 708
1475 708
2518 707
1147 703
1907 702
610 701
1735 700
2385 700
1526 697
201 697
2176 696
2018 693
1826 692
1908 690
567 688
1926 687
160 686
1529 685
904 685
24 684
1273 684
1958 683
651 682
371 682
2157 681
885 678
1901 674
650 674
1203 673
817 672
2240 671
1634 670
962 669
739 669
2126 668
1795 668
175 667
119 666
996 666
816 665
1761 665
1849 665
1507 661
1325 660
2405 659
1577 659
243 659
2365 658
2388 658
1778 658
638 658
1998 658
1115 657
2178 656
1284 656
1090 655
831 654
1666 654
1080 654
2376 651
2349 651
1463 649
606 648
2227 646
2024 646
1848 645
2476 644
389 643
2564 643
1469 642
194 642
2133 642
2305 641
401 641
2539 641
484 640
854 640
1070 639
1705 636
704 634
1067 633
1745 632
121 630
979 627
99 625
1095 625
1035 623
1501 623
403 622
69 621
2562 620
1395 619
743 618
1957 618
258 618
2472 618
640 618
2269 617
1421 617
1874 616
1174 614
167 613
51 612
2058 612
541 612
515 612
815 611
1470 609
1975 607
2534 607
1041 605
1839 605
111 604
44 604
998 603
2228 601
1671 600
2173 600
954 600
2112 598
2667 598
440 598
901 598
2059 598
2189 595
379 595
43 593
2224 593
498 592
644 592
2444 591
2485 591
1708 590
1002 589
1919 587
2387 587
2555 585
2124 584
1378 583
1093 583
103 582
898 582
1199 581
1301 580
1750 579
2282 579
269 579
1884 578
402 578
2249 577
876 577
623 576
12 576
548 575
1737 575
148 575
2114 575
1160 574
591 574
2509 573
476 573
1214 572
1773 572
2530 572
45 571
480 571
1599 570
1920 570
2679 569
596 567
581 567
2097 565
284 564
458 563
2243 562
2270 562
2123 562
2351 562
145 560
1647 560
2094 559
251 558
1554 558
155 557
392 555
873 555
2194 554
1909 554
126 553
838 553
91 553
1143 553
2077 553
2096 552
1240 552
408 551
1851 550
473 550
1262 549
910 549
2526 548
809 547
1183 547
1580 545
356 545
1944 545
729 545
323 545
299 544
760 544
438 544
1756 544
1054 543
2614 543
2221 542
1101 542
2268 541
2418 541
2144 539
2140 539
540 538
1728 538
30 538
1873 538
1959 537
26 537
1534 536
1787 536
2636 536
2329 534
2063 534
1396 533
1812 533
327 533
1377 532
186 532
1320 531
1535 531
191 531
2197 531
1996 530
2 528
1779 527
1620 526
1758 526
465 525
1945 524
647 524
2634 524
1221 523
573 523
232 523
1102 523
964 522
1388 522
792 521
893 521
1899 520
428 520
132 519
2503 519
2501 518
560 518
2538 517
1664 517
2597 517
1307 515
1121 515
1598 515
1290 515
1386 515
2169 514
1382 514
153 514
1693 514
2021 513
2217 513
877 512
2109 512
1457 511
2250 511
399 510
584 510
434 508
875 507
725 507
2163 506
2306 506
1592 506
2113 505
788 504
277 504
859 503
1528 503
228 503
2466 503
271 503
1120 502
936 502
17 501
970 501
935 501
889 500
2565 500
1652 499
311 499
1349 498
230 498
1359 498
1046 498
1051 498
1107 498
2358 496
1775 495
1003 495
1402 495
2336 495
14 495
394 495
1202 494
290 493
4 493
790 493
1618 493
1579 493
1096 493
2357 492
895 492
1482 492
1738 491
1829 491
738 491
1980 490
1303 490
2003 490
1978 489
156 488
1344 487
863 487
22 486
1709 486
75 486
2186 485
1399 485
558 485
1481 484
1731 484
20 484
2203 484
2009 484
1794 484
524 483
2162 483
1882 482
2553 482
1846 482
1711 482
1807 482
1928 482
1189 482
698 482
1710 482
1213 481
2016 480
537 480
728 480
1530 480
1016 480
1834 480
348 480
604 479
1094 479
146 479
2442 479
622 479
1250 479
1797 479
110 479
2484 479
172 478
2515 478
823 477
1979 477
586 476
1821 475
1503 475
1906 475
576 475
563 475
385 474
2668 473
1964 473
466 472
582 472
2076 471
1401 471
1448 470
1408 470
297 470
1984 469
1841 469
2295 469
2290 468
18 468
2448 467
1801 467
1097 467
732 467
1176 466
2172 466
783 466
1502 465
1636 465
514 465
722 465
344 465
332 465
1313 465
953 465
2017 464
2425 463
1785 463
61 463
778 463
203 462
1670 462
869 462
1935 461
423 461
2492 461
1020 461
1546 461
801 461
104 461
52 460
1552 459
857 459
819 458
2100 458
1732 457
2356 457
2457 457
985 457
797 457
1204 456
162 455
1045 455
2360 455
470 454
120 453
2339 453
1804 451
142 451
1645 450
512 449
211 449
2399 449
2495 449
437 449
2095 449
798 449
2280 448
693 448
794 448
1071 448
741 447
1759 447
1856 447
1881 447
1251 446
1415 446
766 446
1805 446
25 445
2395 445
255 444
2085 444
2175 444
315 444
107 444
270 443
1657 443
1987 441
1724 441
1472 440
871 440
27 440
972 440
681 439
370 439
1784 439
1723 439
719 439
969 439
2148 439
2220 439
1880 439
1781 438
1729 438
961 438
1566 438
217 438
1837 438
1567 437
302 437
843 437
1409 437
266 437
240 437
2390 436
1083 436
2010 435
1662 435
1012 435
2246 434
608 434
807 434
751 434
2437 434
1951 434
1271 434
1129 434
2662 434
2285 433
2212 433
2688 433
989 432
1936 432
911 432
1862 432
1000 432
1650 432
168 432
1789 432
123 431
1653 431
1196 431
2455 430
718 430
578 430
341 429
1245 429
417 429
108 429
2327 429
689 429
747 428
1593 428
152 428
2195 427
391 427
481 426
1178 426
1677 426
1026 426
2000 426
2198 426
1318 426
506 425
1956 425
2519 425
607 425
1484 424
2099 423
308 423
366 423
1218 423
2180 423
665 423
2486 423
122 422
1226 422
177 422
1333 421
1152 421
706 421
1913 421
1316 421
1334 420
1676 420
2493 420
1488 420
2436 419
457 419
710 418
1941 417
252 417
2120 417
2230 417
1911 416
2463 416
1111 415
2304 415
2027 415
200 415
372 414
431 414
945 413
149 413
2154 412
1818 412
2375 412
1555 412
1835 411
411 411
696 410
930 410
2192 410
2046 410
16 409
1749 409
1879 408
1533 408
1995 408
716 408
117 408
486 407
2209 407
1287 407
812 407
2537 407
888 407
834 407
1777 406
443 406
1627 406
1086 405
2150 405
1136 405
2676 405
1412 404
883 404
1127 404
1769 403
1762 403
1999 403
2074 403
701 403
1182 403
1717 403
1170 403
626 402
666 402
767 402
534 402
86 402
404 402
2187 401
887 401
380 401
708 401
526 401
2125 401
1654 401
2694 401
625 400
1024 400
2431 400
2432 400
2569 400
1371 400
1393 400
2705 400
287 400
2697 400
986 400
2618 400
2619 400
2544 400
3 400
229 400
821 400
222 400
247 400
2583 400
2664 400
1438 400
2177 400
2665 400
2666 400
721 400
1034 400
2433 400
1233 400
1356 400
1613 400
474 400
1181 400
786 400
947 400
390 400
1108 400
2586 400
1375 400
959 400
2529 400
2669 400
592 400
2341 400
780 400
917 400
2639 400
713 400
1044 400
2429 400
250 400
2692 400
1310 400
2631 400
66 400
7 400
208 400
2633 400
1563 400
2600 400
832 400
538 400
1286 400
662 400
932 400
1594 400
31 400
1210 400
1648 400
1048 400
462 400
2703 400
1298 400
692 400
2629 400
2625 400
2626 400
641 400
2704 400
1673 400
2660 400
991 400
307 400
1032 400
587 400
2411 400
2410 400
184 400
520 400
2602 400
2603 400
1600 400
1059 400
700 400
1691 400
2659 400
967 400
2479 400
1236 400
2461 400
106 400
225 400
2255 400
611 400
2690 400
974 400
1496 400
1541 400
1005 400
1208 400
187 400
422 400
545 400
653 400
1231 400
1263 400
1407 400
124 399
2215 399
1763 399
2259 399
1870 398
2004 398
1803 398
1604 398
2701 398
764 398
758 398
627 398
1734 397
151 397
449 397
1328 396
2434 396
1234 396
158 396
405 396
1117 396
84 396
1157 395
861 395
1476 395
1525 394
1520 394
244 394
2624 394
588 394
1741 394
1405 394
568 394
174 393
1049 393
2145 393
2266 393
643 393
621 392
1062 392
1149 392
242 392
614 392
1557 392
246 391
1896 391
849 391
1079 390
827 390
1608 390
671 390
2289 390
67 389
477 389
1380 389
2041 389
1929 389
1830 389
447 389
337 388
1720 388
826 388
1661 388
493 388
1109 388
2419 387
1348 387
1110 387
994 387
189 387
38 387
1799 387
1665 387
1868 386
1038 386
808 386
2439 386
2139 386
181 386
2225 386
2026 385
1718 385
2647 385
1311 385
1864 385
259 385
1898 385
2497 385
2695 385
1850 384
2642 384
1960 384
2670 384
1704 384
1499 383
2156 383
2685 383
899 382
1719 382
213 382
1432 382
731 382
2297 382
1151 382
2107 381
982 381
771 381
1683 381
1235 381
1146 381
1007 381
800 381
485 381
2132 381
1337 381
173 381
2159 380
2546 380
1427 380
1156 380
2308 380
1439 380
377 379
805 379
2236 379
851 379
2127 379
965 379
549 379
1716 378
2185 378
261 378
56 378
1543 378
1871 378
2648 378
406 378
455 377
1828 377
1444 377
2580 377
264 377
112 377
144 376
32 376
1531 376
842 376
1410 376
837 376
1085 375
267 375
2141 375
2229 375
1017 375
1669 374
1354 374
1272 374
1510 374
1279 374
2202 374
298 374
1442 374
1040 373
397 373
1498 372
1414 372
81 372
1327 372
796 372
1796 372
1714 371
1365 371
793 371
1983 371
318 371
628 370
1177 370
1340 370
2086 370
1195 370
1780 368
1089 368
448 368
2427 368
1512 368
703 368
744 367
518 367
183 367
202 367
562 366
1500 366
2066 366
2052 366
1462 366
105 366
2022 366
1487 365
814 365
1572 365
2040 365
1825 365
6 365
905 365
464 364
1159 364
1791 364
1201 364
2324 363
1216 363
980 363
2033 363
353 363
1642 362
495 362
1479 362
2596 362
2110 362
948 362
1139 362
1675 361
1641 361
383 360
357 360
41 360
37 360
1553 360
157 360
2129 360
8 360
1118 359
1098 359
1838 359
1008 359
2136 358
1215 358
2207 358
1687 358
1281 358
1474 358
2143 358
1684 358
1346 357
1536 357
459 357
2344 357
1697 356
1974 356
128 355
304 355
997 355
1635 354
2265 354
1200 353
388 353
928 353
1679 353
349 351
347 351
835 351
137 351
1713 351
386 351
864 351
93 351
1568 350
2445 350
257 350
15 350
1148 349
1770 349
2423 349
463 349
1194 349
542 349
1940 349
2078 348
215 348
1092 347
60 347
1961 347
483 346
1192 346
1800 345
1622 344
2440 344
1946 344
1191 344
2214 344
616 343
984 343
1477 343
452 343
938 343
1976 342
1947 342
1827 342
1751 342
755 342
915 341
1077 341
432 341
375 339
726 339
2599 339
727 339
1435 338
509 338
453 338
2090 337
552 337
1836 337
1885 337
2275 336
1962 336
2516 336
1736 335
2204 335
165 335
1806 334
1242 334
92 334
87 334
469 334
846 333
2069 333
2070 333
2645 333
620 333
1754 333
1276 333
1133 333
968 332
2391 332
1549 331
775 331
2164 331
529 331
2283 330
1308 330
446 329
2350 329
2604 329
2222 329
1 329
2286 328
589 328
2326 328
1674 328
2401 328
409 328
1630 327
2274 327
0 327
2582 327
676 327
114 326
2579 326
2055 326
2412 326
1570 325
1537 325
2498 325
1473 325
891 325
1138 325
2006 325
369 325
478 324
85 324
830 324
2372 324
2520 323
1368 323
2263 323
407 323
2115 323
1639 323
2706 323
1878 322
1106 322
757 322
2454 322
1619 322
1917 322
1031 322
924 322
2138 322
2483 322
1366 321
292 321
1429 320
2035 320
1419 320
927 320
2560 320
1259 319
460 319
1056 319
2674 319
387 319
2567 319
1291 318
1190 318
1239 318
2558 318
1569 317
68 317
1023 317
2678 317
903 316
90 316
1614 316
1209 316
2219 316
2482 316
2566 316
699 315
2039 315
2396 315
1712 315
2381 315
2223 315
2317 315
1385 314
1875 314
2002 314
1840 314
1403 314
171 313
1420 313
1278 313
2651 313
1605 313
1819 313
2673 313
2213 313
35 312
71 312
2465 312
1972 312
1338 311
1331 311
1574 311
828 311
1688 311
381 311
1746 310
309 310
1809 309
197 309
848 309
1006 309
2675 309
179 309
321 309
1124 309
2072 308
276 308
300 308
2011 308
2068 308
395 308
1390 308
376 308
958 307
445 307
939 307
1513 307
677 307
1332 306
795 306
1237 306
1522 306
523 306
150 306
1394 305
2205 305
220 305
2480 305
2279 305
746 305
1104 305
53 305
80 305
2556 304
955 304
1254 304
1586 304
1597 304
1808 304
2029 304
1524 304
64 304
1243 303
1997 303
2051 303
2491 303
2008 303
1865 303
2707 303
467 303
354 303
1314 302
714 302
579 302
559 302
1820 302
1330 302
1128 301
249 301
2287 301
1695 301
2319 301
844 301
1260 301
2137 300
2288 300
435 300
504 300
1663 300
1933 300
574 300
2233 300
2093 299
1186 299
2260 299
1833 299
2371 299
1036 299
1490 298
1362 298
2303 298
2608 298
1625 298
1134 298
2118 298
1249 298
1867 297
2325 297
328 297
1392 297
2500 296
918 296
2065 296
329 296
2102 296
2366 296
2379 296
765 296
870 296
554 296
1786 296
1727 295
2348 295
720 295
1640 295
1180 295
1452 295
1266 295
1968 294
791 294
712 294
382 294
468 294
667 294
2654 294
141 294
1450 294
76 293
1451 293
1722 293
1585 293
2235 293
1068 293
1606 293
2174 293
1207 293
1632 293
1112 293
2242 292
2407 292
1373 292
937 292
2073 292
2277 292
2135 292
2276 292
451 291
263 291
763 291
2103 291
2330 291
2023 291
583 291
894 291
1660 290
289 290
1494 290
1268 290
1768 290
1823 290
1173 290
2030 289
2686 289
1953 289
324 289
2524 289
1047 289
1581 289
2347 289
1116 289
1892 288
1205 288
860 288
1073 288
1921 288
496 288
1304 288
1460 288
320 288
2473 288
1629 288
629 288
886 288
2352 288
659 288
1165 287
1258 287
2281 287
1916 287
513 287
2015 287
1267 287
1468 287
196 287
1264 287
906 287
1299 287
2386 286
2079 286
1942 286
2237 286
1609 286
2438 286
1847 286
2067 286
850 286
2084 286
312 286
5 286
960 286
365 286
995 286
1064 286
669 285
1948 285
1753 285
2507 285
1061 285
2364 285
1790 285
1970 284
1891 284
1715 284
1904 284
2296 284
502 284
2151 284
752 284
633 284
1063 284
1033 284
740 284
2661 284
1039 283
933 283
503 283
1508 283
1037 283
352 283
1523 283
1584 282
1219 282
787 282
330 282
585 282
471 281
754 281
990 281
1802 281
845 281
839 281
2576 280
176 280
530 280
130 280
1001 280
113 279
1755 279
286 279
593 279
2469 279
1971 278
2543 278
1292 278
803 278
1478 278
1844 277
2687 277
303 277
2370 277
1400 277
853 276
2392 276
1589 276
1228 276
2693 276
1733 275
724 275
2535 275
1312 275
2153 275
1925 275
1757 275
1339 275
2165 275
2470 275
2252 274
1293 274
223 274
1651 274
2447 274
1297 274
856 274
2206 274
1766 274
602 274
510 274
1223 274
900 274
1341 273
143 273
2161 273
1888 273
40 273
1074 273
572 273
2307 273
1752 273
1518 273
1981 272
1248 272
1924 272
2332 272
2474 272
2333 272
334 272
378 272
248 272
2380 272
2355 272
1607 272
326 271
101 271
135 271
2131 271
2413 271
950 270
412 270
1329 270
78 270
1815 270
2590 270
872 270
1656 269
595 269
1335 269
1748 269
1241 269
2091 269
655 269
1540 269
1265 268
1857 268
1433 268
2504 268
373 268
564 268
742 268
1685 267
2684 267
2522 267
2346 266
1486 266
649 266
489 266
79 266
2200 265
921 265
1145 265
1667 265
776 265
2353 265
1559 265
1969 265
1099 265
1932 264
2635 264
1495 264
282 263
1081 263
1376 263
1788 263
1255 263
1369 262
902 261
768 261
2563 261
2121 261
1699 261
2089 260
138 259
1771 259
1588 259
1560 259
182 258
1175 258
1726 257
338 257
1550 257
811 257
1621 257
2210 255
1426 254
2652 254
1504 254
2190 253
283 253
878 252
2232 252
539 252
1389 252
1322 252
774 252
2170 252
749 251
359 249
656 249
2251 249
1324 248
2382 247
1381 247
1179 246
1434 246
1931 245
2183 245
618 245
2284 245
2299 244
2649 243
2508 243
615 243
1155 242
1222 242
1937 242
2293 241
1379 241
1091 241
2698 241
971 240
2048 240
1424 240
2226 240
2245 239
569 239
688 239
1831 239
2689 238
2680 238
1168 237
516 236
855 236
1326 236
1283 235
2340 235
1698 235
1445 235
956 234
2231 234
2547 234
1342 234
2630 234
2012 233
2398 233
1130 233
532 233
140 233
2184 233
2594 232
2415 232
70 232
571 231
672 231
245 231
1816 231
2573 231
2116 231
219 230
634 230
1230 230
10 230
605 230
2038 229
1918 229
1963 229
2554 229
2201 229
881 228
1915 228
9 228
2578 228
2416 228
683 228
2101 227
1706 227
1295 226
1576 226
2292 226
2581 226
410 226
670 226
2458 226
488 225
427 224
224 224
2443 224
1989 224
1141 224
1573 224
2430 224
21 223
551 223
273 223
631 223
1440 222
2663 222
340 222
2471 222
637 222
2585 222
499 222
1455 222
227 221
2031 221
1361 220
543 220
42 220
981 220
1357 220
335 219
2577 219
2653 219
46 219
2408 219
1532 218
294 218
83 218
642 218
1217 218
2218 218
13 217
1678 217
2677 217
343 217
1993 217
914 217
2244 216
2363 216
2403 216
253 216
2043 216
784 216
2414 216
1783 216
2612 216
2490 215
1113 215
1506 215
920 215
619 215
753 215
367 215
2369 215
147 214
1855 214
450 214
2616 214
660 214
2499 214
1280 214
396 214
1516 214
2424 214
2409 214
77 214
2641 213
2082 213
2278 213
1398 213
1162 213
206 213
1813 213
1461 213
2047 213
2422 213
421 213
2456 212
82 212
2020 212
1859 212
2682 212
1166 212
2301 212
131 212
97 211
1811 211
1372 211
635 211
161 211
884 211
479 211
1446 211
2459 211
694 211
2700 211
1587 210
100 210
1658 210
1893 210
1465 210
2294 210
1492 210
2049 210
416 210
847 210
1430 209
709 209
2036 209
2541 209
841 209
570 209
1637 209
1232 209
1275 209
1985 209
398 209
2323 209
1114 209
11 209
723 209
1075 209
978 208
1153 208
1172 208
2393 208
1082 207
613 207
1347 207
1521 207
54 207
1497 207
617 207
1163 207
2166 207
547 207
2609 207
2314 207
199 207
461 206
1887 206
1184 206
1010 206
922 206
2406 206
1548 206
934 206
2256 205
673 205
439 205
535 205
999 205
1863 205
2262 205
890 204
1011 204
1582 204
49 204
1406 204
818 204
858 204
1991 204
993 204
1646 204
1480 204
1545 204
866 203
546 203
820 203
2691 203
1053 203
1631 203
1877 203
2267 203
1294 203
1055 202
1471 202
1792 202
190 202
2042 202
1238 202
1992 202
1383 202
185 202
195 202
2601 202
166 202
1353 201
705 201
770 201
1515 201
1897 201
2338 201
2453 201
1270 200
331 200
2334 200
1384 200
1288 200
2400 200
1305 200
1423 200
1910 200
663 200
2152 199
1043 199
1965 199
1167 199
2313 199
2037 199
188 199
2064 199
317 199
342 199
813 199
2513 199
2460 199
879 199
1345 199
1890 198
301 198
360 198
1004 198
624 198
2062 198
951 198
1760 198
1206 198
536 198
2310 197
908 197
527 197
2057 197
806 197
420 197
1459 197
2462 197
822 196
275 196
164 196
2106 196
1886 196
2368 196
761 196
1767 196
1858 195
1315 195
1730 195
1764 195
942 195
1644 195
691 195
2331 195
1355 195
2452 195
1225 195
678 194
533 194
2592 194
556 194
590 194
1009 194
907 194
1822 194
2481 193
1905 193
1431 193
1876 193
314 193
2088 193
2528 193
2467 193
2134 192
1967 192
1843 192
205 192
1814 192
2343 192
2302 192
424 191
296 191
594 191
1565 190
2105 190
1019 190
1456 190
892 190
346 190
325 190
1988 190
976 190
2475 190
2342 189
2019 189
1544 189
1564 189
129 189
682 189
2321 189
1845 189
2196 189
1977 188
1943 188
1923 188
2312 188
1668 187
1123 187
1197 187
1900 187
1994 187
1517 187
216 187
2211 187
686 187
511 187
2108 187
652 187
599 187
1852 186
2514 186
1817 186
159 186
1467 186
212 186
2081 186
1690 185
759 185
946 185
2615 185
1319 185
1029 185
2402 185
2014 185
268 185
2591 185
1551 185
1100 185
2517 185
1088 184
2389 184
1680 184
125 184
2050 184
1084 184
929 184
116 184
1211 184
992 183
2311 183
1939 183
1425 183
234 183
566 183
2378 183
1025 183
1930 182
675 182
862 182
880 182
531 182
2013 182
1193 182
1949 182
2044 182
802 182
1509 182
2258 182
193 182
840 181
781 181
1125 181
597 181
2087 181
1142 180
29 180
305 180
47 180
1590 180
72 179
2494 179
1866 179
1659 179
2572 179
170 178
697 178
1306 178
1562 177
1187 177
285 177
501 177
1747 177
1453 177
280 177
762 177
684 177
336 177
1982 176
952 175
1363 175
2525 175
2320 175
295 175
1744 174
262 174
2441 174
2098 174
2540 174
1922 174
2128 174
2318 173
384 173
789 173
1087 172
1895 171
2119 171
1144 171
2523 171
2571 171
1561 171
909 171
1289 170
1252 169
1285 169
517 168
1253 168
1611 168
773 167
2053 166
2435 165
2656 165
1934 165
254 165
169 165
1689 164
333 164
1449 162
2632 162
433 159
2702 157
2261 157
2574 156
2373 156
237 155
500 154
274 153
1575 152
2449 152
198 152
1491 149
528 149
260 149
690 146
639 146
2158 145
1244 145
23 144
2628 143
361 143
522 142
1028 142
1132 140
2551 140
777 139
2683 139
63 139
824 138
1556 138
1277 138
658 137
2298 136
1227 135
2657 135
913 135
2428 134
2171 134
925 134
1686 133
2613 133
1030 133
2646 133
2699 133
1422 133
214 132
209 132
2149 132
1938 132
2550 132
975 130
2548 130
987 130
601 129
2533 129
288 129
207 128
1603 128
1078 127
2606 127
418 127
2644 126
785 126
2611 125
1014 125
2191 125
419 125
2420 125
50 124
949 124
2328 124
2421 123
1352 123
1323 123
654 123
1466 123
293 122
272 122
2104 122
2264 122
494 122
278 122
2060 121
1454 121
1247 121
1578 121
2193 120
178 120
2588 120
646 120
799 120
2658 119
2557 119
1595 119
2512 119
1793 119
865 119
345 119
852 119
393 119
1601 118
1404 118
2417 118
2549 118
98 118
2272 117
1212 117
413 117
916 117
1700 117
2643 117
2672 117
1105 117
829 117
2607 116
782 116
1391 116
2552 116
358 116
2316 115
1387 115
1511 115
2531 115
265 115
475 115
1612 115
362 115
926 115
2568 115
1861 115
1411 115
1591 115
2587 115
1150 114
707 114
1615 114
204 114
912 114
2621 114
192 114
944 114
2527 113
2506 113
575 113
2404 113
2545 113
2257 113
2511 113
2536 113
134 113
2502 113
425 113
2271 112
772 112
1027 112
2007 112
2234 112
226 112
2521 112
1066 112
1860 112
2542 112
1140 112
2510 112
235 112
2487 112
241 111
1302 111
1854 111
1126 111
2354 111
2561 111
2028 111
1060 111
2361 111
1643 111
1774 111
2061 110
2584 110
2477 110
1547 110
1057 110
632 109
497 109
2337 109
322 109
2655 109
1321 109
804 109
2488 109
730 109
256 108
1198 108
2179 108
1649 108
339 108
2532 108
2468 108
2111 107
1436 107
988 107
1137 107
115 107
2377 107
896 107
825 106
1617 106
2595 106
600 106
2489 106
664 106
1853 106
1596 106
882 106
2496 106
1626 105
668 105
2362 105
363 105
983 105
2598 105
923 105
1493 105
1437 105
2032 105
2640 105
1374 104
2593 104
1707 104
1489 104
769 104
2315 104
1122 104
127 104
1883 104
2617 104
2622 103
2610 103
1261 103
2167 103
1633 103
648 102
1571 102
62 102
636 102
2273 101
966 101
58 101
1638 101
2397 101
561 101
940 101
491 101
508 101
1397 101
1832 101
2322 101
2188 101
1161 101
2650 101
2605 100
750 100
715 100
2696 100
2239 100
1164 100
2638 100
351 100
680 100
1872 99
2374 99
2575 99
679 99
2092 99
1418 99
1514 98
1052 98
1990 98
810 98
521 98
319 98
2589 98
1539 97
2426 97
2478 97
1696 97
2505 97
630 97
96 97
291 96
1485 96
874 96
612 96
2254 96
400 96
313 96
685 96
1246 95
2559 95
2627 95
221 94
57 94
19 94
1672 94
2345 93
1350 93
1021 93
233 93
977 93
943 93
28 93
2208 93
1069 92
1274 92
1076 92
2384 91
163 91
2623 90
1188 90
2620 90
34 90
1018 90
1058 89
555 89
238 89
355 88
1364 88
931 88
2005 88
550 88
1447 88
919 87
674 87
136 85
557 85
430 84
1220 83
2300 82
2253 82
2142 82
414 81
941 79
2637 78
1458 76
717 76
1694 74
